Webots Project File version R2025a
perspectives: 000000ff00000000fd0000000200000001000002c2000002ecfc0200000001fb0000001400540065007800740045006400690074006f00720100000015000002ec0000008500ffffff0000000300000780000000d9fc0100000001fb0000001a0043006f006e0073006f006c00650041006c006c0041006c006c0100000000000007800000006900ffffff000004bc000002ec00000001000000020000000100000008fc00000000
simulationViewPerspectives: 000000ff00000001000000020000016a000004f60100000002010000000100
sceneTreePerspectives: 000000ff00000001000000030000001e000000c0000000fa0100000002010000000200
minimizedPerspectives: 000000ff00000000fd0000000200000001000002c2000002ecfc0200000001fb0000001400540065007800740045006400690074006f00720100000015000002ec0000008500ffffff0000000300000780000000d9fc0100000001fb0000001a0043006f006e0073006f006c00650041006c006c0041006c006c0100000000000007800000006900ffffff000004bc000002ec00000001000000020000000100000008fc00000000
maximizedDockId: -1
centralWidgetVisible: 1
orthographicViewHeight: 1
textFiles: 1 "controllers/blimp_controller/blimp_controller.py" "protos/Blimp.proto"
consoles: Console:All:All
renderingDevicePerspectives: Blimp:camera;1;1.01725;0.127359;0.289245
renderingDevicePerspectives: TIAGo LITE:Astra depth;0;0.499467;0.344362;0.440407
renderingDevicePerspectives: TIAGo LITE:Astra rgb;1;0.337856;0.653286;0.0813953
